Taube,1,0,0,1,0,0,0,0,1,0,0,1,0
Huhn,1,0,0,1,0,0,0,0,1,0,0,0,0
Ente,1,0,0,1,0,0,0,0,1,0,0,0,1
Gans,1,0,0,1,0,0,0,0,1,0,0,1,1
Eule,1,0,0,1,0,0,0,0,1,1,0,1,0
Falke,1,0,0,1,0,0,0,0,1,1,0,1,0
Adler,0,1,0,1,0,0,0,0,1,1,0,1,0
Fuchs,0,1,0,0,1,1,0,0,0,1,0,0,0
Hund,0,1,0,0,1,1,0,0,0,0,1,0,0
Wolf,0,1,0,0,1,1,0,1,0,1,1,0,0
Kadse,1,0,0,0,1,1,0,0,0,1,0,0,0
Tiger,0,0,1,0,1,1,0,0,0,1,1,0,0
Löwe,0,0,1,0,1,1,0,1,0,1,1,0,0
Pferd,0,0,1,0,1,1,1,1,0,0,1,0,0
Zebra,0,0,1,0,1,1,1,1,0,0,1,0,0
Kuh,0,0,1,0,1,1,1,0,0,0,0,0,0
